Name: EA_LS
Problem instance: TSPA
Best cost: 69967
Worst cost: 71048
Average cost: 70560
Average time: 66.398
Best time: 65.2029
Worst time: 71.857
Best solution: 31 56 113 175 171 16 78 145 179 57 92 129 25 44 120 2 152 97 1 101 75 86 26 100 53 158 180 154 135 70 127 123 162 151 133 79 63 94 124 80 176 51 118 59 149 131 47 65 116 43 184 84 112 4 177 54 48 160 34 146 22 18 159 193 41 181 42 115 139 46 0 117 143 183 89 186 23 137 148 9 62 144 14 49 3 178 106 52 55 185 40 119 165 39 164 27 90 81 196 157
Average iterations number: 70560.1
Name: EA
Problem instance: TSPA
Best cost: 69806
Worst cost: 71005
Average cost: 70551
Average time: 66.9449
Best time: 63.8583
Worst time: 77.3535
Best solution: 100 26 97 152 1 101 86 75 2 120 44 25 16 171 175 113 31 78 145 92 129 57 55 52 196 81 90 27 164 95 39 165 119 40 185 106 178 3 49 102 14 144 62 9 148 137 23 186 89 183 143 117 0 46 68 93 140 108 18 22 159 193 41 139 115 42 181 34 160 48 54 177 10 184 43 116 65 47 131 149 59 118 51 176 80 124 94 63 79 133 151 162 123 127 70 135 154 180 53 121
Average iterations number: 70551.9
Name: EA_LS
Problem instance: TSPB
Best cost: 44944
Worst cost: 46086
Average cost: 45411
Average time: 68.5753
Best time: 66.4963
Worst time: 75.6805
Best solution: 33 138 11 139 168 195 13 145 15 3 70 132 169 188 6 147 71 51 121 131 90 122 107 40 63 135 1 198 117 193 31 54 164 73 136 190 80 45 142 175 78 5 177 21 61 36 91 141 97 77 81 153 163 89 165 127 103 113 176 194 166 86 185 95 99 22 179 172 66 94 47 148 60 23 20 28 149 140 183 152 34 55 18 62 128 124 106 143 35 109 0 29 39 111 82 8 104 56 144 160
Average iterations number: 45411
Name: EA
Problem instance: TSPB
Try: 19
Best cost: 44779
Worst cost: 46040
Average cost: 45420
Average time: 68.0948
Best time: 66.6205
Worst time: 73.301
Best solution: 113 103 89 163 153 81 77 97 141 82 111 8 104 87 21 91 61 36 177 5 78 175 142 45 80 190 193 31 73 54 117 198 1 16 27 38 135 102 63 40 107 10 133 122 131 121 51 90 191 147 6 188 169 132 70 3 15 145 13 195 168 139 11 138 33 160 29 12 0 109 35 143 106 124 128 62 18 55 34 170 152 183 140 28 20 60 148 47 94 66 179 22 99 95 185 86 166 194 176 180
Average iterations number: 45420