Problem instance: TSPA
Name: Iterated Local Search
Best cost: 69114
Worst cost: 70185
Average cost: 69472
Average time: 24.3365
Best solution: 165 40 185 179 92 129 57 55 52 106 178 49 14 144 102 62 9 148 124 94 63 79 80 176 137 23 186 89 183 143 0 117 93 140 108 18 22 146 34 160 48 54 177 10 190 4 112 84 184 35 131 149 65 116 43 42 181 159 193 41 139 68 46 115 59 118 51 151 133 162 123 127 70 135 154 180 53 100 26 86 75 101 1 97 152 2 120 44 25 16 171 175 113 56 31 78 145 196 81 90 
Problem instance: TSPB
Name: Iterated Local Search
Best cost: 43484
Worst cost: 44451
Average cost: 43903
Average time: 24.3905
Best solution: 4 140 183 152 170 34 55 18 62 124 106 143 35 109 0 29 111 82 21 8 104 144 160 33 138 11 139 168 195 13 145 15 3 70 132 169 188 6 147 90 51 121 131 135 122 133 107 40 63 38 27 16 1 156 198 117 193 31 54 73 136 190 80 175 78 5 177 36 61 91 141 77 81 153 187 163 89 127 137 114 103 113 176 194 166 86 185 95 130 99 22 179 66 94 47 148 60 20 28 149 
